0.341128701309
0.341128701309
0.523647152447
0.523647152447
0.511687212894
0.357259948645
0.349100120168
0.34909908382
0.353850416106
0.353850416106
0.34909908382
0.511687212878
0.35384971236
0.511687034964
0.511687034964
0.523647152472
0.523647152472
0.511687212878
0.523647152472
0.523647152472
0.523647061459
0.523647061443
0.341130721033
0.349099082537
0.34112667374
0.51168703498
0.349100124018
0.359926769088
0.349100124018
0.353848308205
0.349099083828
0.26795443923
0.26795443923
0.26795443923
0.26795443923
0.26795443923
0.26795443923
0.26795443923
0.26795443923
0.267954450745
0.267954450745
0.26795443934
0.26795443934
0.26795443934
0.26795443934
0.267954450745
0.267954450745
0.271589377592
0.267954450745
0.261866689171
0.267954450745
0.261861311961
0.255917287712
0.255906900445
0.255906900445
0.219395737586
0.219395737586
0.219395737586
0.219395737586
0.219395737586
0.219395737586
0.219395737586
0.219395737586
0.219395737586
0.219395737586
0.219395737586
0.219395737586
0.219395737586
0.219395737586
0.219395737586
0.219395737586
0.219395737586
0.219395737586
0.219395737586
0.219395737586
0.219395737586
0.219395737586
0.219395737586
0.219395737586
0.219395737586
0.219395737586
0.219395737586
0.219395737586
0.219395737586
0.219395737586
0.219395737586
0.219395737586
0.219395737586
0.219395737586
0.219395737586
0.219395737586
0.219395737586
0.219395737586
0.219395737586
0.219395737586
0.219395737586
0.219395737586
0.219395737586
0.219395737586
0.219395737586
0.219395737586
0.219395737586
0.219395737586
0.219395737586
0.219395737586
0.219395737586
0.219395737586
0.219395737586
0.219395737586
0.219395737586
0.219395737586
0.219395737586
0.219395737586
0.219395737586
0.219395737586
0.219395737586
0.219395737586
0.219395737586
