0.00772853520106
0.00772853520106
0.213017751479
0.213017751479
0.193213380027
0.174375075474
0.00772853520106
0.0173892042024
0.213017751479
0.213017751479
0.0173892042024
0.558386668277
0.42035985992
0.058447047458
0.058447047458
0.0204081632653
0.000120758362517
0.00978142736384
0.000120758362517
0.000120758362517
0.00772853520106
0.0483033450066
0.0173892042024
0.000120758362517
0.00108682526265
0.0880328462746
0.108682526265
0.0173892042024
0.108682526265
0.0532544378698
0.00591715976331
0.00591715976331
0.0120758362517
0.0120758362517
0.0120758362517
0.00591715976331
0.00591715976331
0.00591715976331
0.00591715976331
0.00193213380027
0.00193213380027
0.00591715976331
0.00591715976331
0.00591715976331
0.00591715976331
0.00193213380027
0.00193213380027
0.00591715976331
0.00193213380027
0.0
0.00193213380027
0.00591715976331
0.0236686390533
0.00301895906292
0.00301895906292
0.0
0.0
0.0
0.0
0.0
0.0
0.0
0.0
0.0
0.0
0.0
0.0
0.0
0.0
0.0
0.0
0.0
0.0
0.0
0.0
0.0
0.0
0.0
0.0
0.0
0.0
0.0
0.0
0.0
0.0
0.0
0.0
0.0
0.0
0.0
0.0
0.0
0.0
0.0
0.0
0.0
0.0
0.0
0.0
0.0
0.0
0.0
0.0
0.0
0.0
0.0
0.0
0.0
0.0
0.0
0.0
0.0
0.0
0.0
0.0
0.0
0.0
0.0
