0.326176912943
0.104645069563
0.0688180129721
0.0753715925533
0.0624505738367
0.0524322232992
0.0422734440498
0.0340985339622
0.0274365742065
0.0140280205362
0.0159459091712
0.0164518903084
0.0174543528998
0.0179879163749
0.0183664356275
0.0186217594465
0.0187658613185
0.0188077155689
0.0187555701787
0.0186226464768
0.0184295219701
0.0182009025303
0.0179597971063
0.0177235005885
0.0175028980149
0.0173037900725
0.0171286200749
0.0159177169412
0.0159843357988
0.0158325950199
0.0160290028662
0.0160083788703
0.0159636341307
0.0159194326546
0.0158733879218
0.0158241619906
0.0157704215096
0.0157111876421
0.0156460731841
0.0155754817865
0.0155006839401
0.015423706179
0.0153470260461
0.0152731503337
0.0152042218519
0.0151417945168
0.0150868253839
0.014814453426
0.0147941466203
0.0151817446732
0.0150606969061
0.0151599314988
0.0152048549861
0.0152395780562
0.0153638633391
0.0155792301326
0.0155112231473
0.0155633968656
0.0155911701233
0.015613851724
0.0156330638239
0.0156502278426
0.0156661123221
0.0156811669675
0.0156956576635
0.0157097439592
0.0157235227249
0.0157370533676
0.0157503726487
0.0157635035246
0.0157764604825
0.0157892527978
0.0158018865294
0.0158143657546
0.0158266933306
0.0158388713673
0.0158509015181
0.0158627851593
0.0158745235025
0.0158861176585
0.015897568681
0.0159088775889
0.0159200453815
0.0159310730467
0.0159419615674
0.0159527119244
0.0159633250969
0.0159738020696
0.015984143829
0.0159943513692
0.0160044256927
0.016014367812
0.0160241787522
0.0160338595539
0.0160901480432
0.0161626755089
0.0162253138711
0.0162798807521
0.0163298308955
0.0163714933226
0.0164133815084
0.0164430078924
0.0164831040759
0.0164976924497
0.0165318071075
0.0165423888606
0.0165249298595
0.0165471913714
0.0165790788471
0.0165862319798
0.0165659476008
0.016584910463
0.0166139937348
0.0166185315166
0.0165973715482
0.0166132331813
0.0166394924122
0.0166419959459
0.0166213976905
0.0166344358989
0.0166578610323
0.0166588696796
0.0166397343318
0.0166472153988
0.0166522010569
0.0166717009655
0.0166530147019
0.0166598616517
0.0166637735648
0.016678403549
0.0166778183731
0.0166680169388
0.0166728942906
0.0166848437238
0.0166841195087
0.0166754660653
0.0166793830099
0.0166894639976
0.0166886161583
0.0166811115338
0.0166842414148
0.0166927034138
0.0166918205047
0.0166853865851
0.0166878875078
0.0166949576846
0.0166940978399
0.0166886266468
0.0166906274989
0.0166965130961
0.0166957103015
0.0166910852859
0.0166926891361
0.0166975748624
0.0166968463999
0.0166929538141
0.0166942423617
0.0166982895918
0.0166976418097
0.0166943764506
0.0166954141958
0.0166987617369
0.0166981941875
0.0166954618623
0.0166962996684
0.0166990655106
0.0166985737885
0.0166962919215
0.0166969699219
0.0166992534742
0.0166988310997
0.0166969283252
0.0166974782444
0.0166993627114
0.016699002339
0.0166974175958
0.0166978645717
0.0166994192605
0.0166991134265
0.0166977948447
0.0166981588548
0.0166994412932
0.0166991828543
0.0166980866044
0.0166983835734
0.0166994413932
0.0166992237617
0.0166983129551
0.0166985556188
0.0166994281868
0.0166992454394
0.016698489123
0.0166986876965
0.0166994075111
0.0166992544148
0.0166986266762
0.0166987893794
0.0166993832456
0.0166992552385
0.0166987476727
0.0166995157238
0.0166993474175
0.0166986649985
0.016698836385
0.0166994663278
0.0166993254582
0.0166987591216
0.0166988995742
0.0166994205677
0.0166993031233
0.0166988342959
0.0166989497517
0.0166993803238
0.0166992826077
0.0166988944923
0.0166989895196
0.0166993453341
0.0166992641309
0.0166989483312
0.0166994120555
0.0166993067343
0.0166988888008
0.0166989905048
0.016699370967
0.0166992831927
0.0166989366772
0.0166990202576
0.0166993351192
0.0166992621836
0.0166989755758
0.016699044451
0.0166993048247
0.0166992443114
0.0166990072276
0.0166990640399
0.0166992779625
0.0166989675845
0.0166990406351
0.0166993196651
0.0166992538692
0.0166989990277
0.0166990595911
0.0166992908838
0.0166992365774
0.0166990256249
0.0166990757371
0.0166992669809
0.0166992220656
0.0166990475675
0.0166990889999
0.0166992471425
0.0166992099802
0.0166990673955
0.0166992742111
0.01669922633
0.0166990391585
0.0166990839388
0.0166992536666
0.0166992138665
0.0166990587315
0.0166990956044
0.0166992361059
0.0166992031007
0.0166990748291
0.0166991052647
0.0166992214835
0.0166991941455
0.0166990893133
0.0166992413503
0.0166992061004
0.0166990685666
0.0166991014261
0.0166992262083
0.0166991969081
0.0166990829163
0.016699109975
0.0166992132714
0.0166991889757
0.0166990947246
0.0166991170614
0.0166992025066
0.0166991823846
0.0166991053264
0.016699217109
0.0166991911637
0.0166990901091
0.0166991142302
0.0166992059772
0.0166991844144
0.0166991006568
0.0166991205227
0.0166991964718
0.0166991785945
0.0166991093414
0.0166991257428
0.0166991885661
0.0166991737621
