0.7438060892178983
1.9089762124609224
2.3677788893312663
2.668147045427866
2.97337875828668
3.341503672196966
3.8583795263228495
4.691906361846715
6.0688381293181335
7.118293844645769
14.768340474929401
17.626174797409877
18.853071773772463
19.5100597026443
20.02118837539861
20.482864359670913
20.91769460742346
21.331563414843057
21.723911618214494
22.091367756385495
22.430326553050236
22.738932880440373
23.01789732220763
23.27012818722666
23.49980706301513
23.71151428326365
23.909628719563504
24.32529246051897
24.364008344806386
25.729835910917704
26.73721224344905
26.843301609934127
26.963509801063722
27.09278263672748
27.23382747856501
27.3889077620315
27.55998130861539
27.748338212971962
27.95428985814269
28.1769394465967
28.4140668908425
28.662135648995875
28.916444006078585
29.171455161955073
29.42129860927816
29.660355383655077
29.88379055063306
30.087134634395934
30.670467447062148
30.93752906609522
31.18828050836497
31.16762690336755
31.16167437762962
31.157419820359806
31.127231463814123
31.068546190711128
31.155167973306654
31.1418898930638
31.136602839601718
31.132677118906727
31.129767356952822
31.127455708092207
31.125507062395748
31.12377859588151
31.122184028046853
31.120671106200785
31.11920818739531
31.117776159683633
31.116363553588155
31.114963566809404
31.113572245856577
31.112187369110288
31.110807761392774
31.109432871441246
31.108062513738073
31.106696710229546
31.10533559522892
31.103979358569703
31.102628211643605
31.1012823696105
31.099942040285672
31.098607420031055
31.097278691497635
31.0959560237479
31.094639572542757
31.093329481524908
31.09202588429588
31.090728903604074
31.089438654495815
31.0881552438573
31.08687877132962
31.085609330309232
31.084347008012287
31.083091885659805
31.062534602382147
31.056580970280216
31.051851039246376
31.04597162078901
31.039782122054472
31.033272495636428
31.02594097893709
31.020548645592825
31.01115240832497
31.00820625297487
30.997904820524397
30.996058515531992
31.004056931909524
30.997185427975445
30.98748856582673
30.985923040603907
30.99472159413998
30.98837209151241
30.97938844287423
30.978242010774267
30.98703952549379
30.981471481524686
30.973161906599003
30.972481130231557
30.980762321418627
30.976072482282156
30.968460747895495
30.968188590852733
30.975683866985626
30.973174900494204
30.971671490936483
30.964640057657963
30.971841216756882
30.969522471833653
30.968261308733172
30.963165407666693
30.96349934979224
30.967166434870663
30.965488444813527
30.961299705182174
30.96162961994478
30.964840589014887
30.96347266266205
30.959919230600033
30.960262946610754
30.963030637127726
30.961926356974296
30.95893054901341
30.959269684637018
30.961631505182382
30.960742934632183
30.95823128499848
30.958552602068153
30.960553830785127
30.959839563426186
30.957743073689084
30.95803865537838
30.95972563490415
30.959151301216835
30.957407230452777
30.957673245022892
30.959089921187704
30.958627580983677
30.95718034152769
30.95741580682862
30.95860210283123
30.95822931033091
30.9570306064269
30.95723638343616
30.958227614331243
30.957926454608213
30.956934929796684
30.957112974173857
30.95793983342806
30.95769605302902
30.95687666960174
30.95702950603376
30.95771835123824
30.957520619737068
30.956843925568062
30.956974296591486
30.957547570009528
30.95738687580489
30.956828255916953
30.956938897894393
30.95741559182691
30.957284756290953
30.9568237245555
30.9569172342503
30.957313349107235
30.95720664171377
30.956826199859762
30.95690496202502
30.957233932554335
30.957146766728492
30.956832841571178
30.956898996348315
30.957172074096672
30.957100769890612
30.95684172725169
30.956897163725152
30.957123753609906
30.957065349721
30.956851582406042
30.956897947121536
30.957080890316224
30.956804494798682
30.956865197605893
30.957111520854674
30.95704980180323
30.956823051946248
30.956873892453704
30.957078266726263
30.957027716731734
30.956840144494233
30.956882554289905
30.957051708113596
30.957010175744593
30.95685513130699
30.956890434072992
30.957030444901573
30.956996276514406
30.956868133533774
30.956897482919583
30.957011307287406
30.956844327519818
30.95688230546733
30.95703307420322
30.95699644119777
30.956859422870718
30.956891089157768
30.957016076536966
30.95698598492841
30.956872577533503
30.956898901448607
30.957002268615863
30.95697748089591
30.95688368944845
30.956905537782507
30.956991035829624
30.956970596378817
30.95689349437087
30.957005435294818
30.956979114767154
30.956878604075943
30.956902331565338
30.956994233834273
30.956972420087666
30.9568890973043
30.956908687783915
30.95698475626842
30.956966712217028
30.956897811780028
30.95691401904216
30.956976937986337
30.95696202314793
30.95690504471151
30.95691845763833
30.9569698519107
30.956895341721484
30.95691260522658
30.95698009423975
30.956963961347903
30.95690280896169
30.956917162340112
30.95697309640409
30.9569598152318
30.956909190214876
30.956921095563995
30.95696734169338
30.956956381291178
30.956914503825395
30.956924366704985
30.956962152255247
30.95690737100005
30.956920078796365
30.956969664494622
30.95695782451077
30.956912861435523
30.956923426223632
30.95696452236153
30.956954774105565
30.956917551567678
30.956926313211206
30.956960291221336
30.956952245258183
30.95692145430744
30.956928711758657
30.95695648608339
30.95691620569602
30.956925558429894
30.9569619892815
30.956953297050642
30.956920235268036
30.956928009180473
30.956958203354105
30.956951045389903
30.9569236756753
30.956930121617876
30.956955086317414
30.95694917728908
30.95692653714948
30.956931875486475
