16.1332371084
17.5561999436
14.0697512639
12.3941834061
11.0609162755
9.77244796903
8.41184133586
6.86973967906
5.2759881198
4.46298494761
2.11270403032
1.75260226489
1.62712754882
1.56996831894
1.52904952946
1.49408060765
1.46255994296
1.43368798859
1.40726354666
1.38330364634
1.3618337379
1.34276952928
1.32589092938
1.310882355
1.29739233049
1.28508049519
1.27364530164
1.25103676552
1.24319997042
1.17280411542
1.12502953708
1.11966104905
1.11409835784
1.10820216543
1.10187491312
1.09503799536
1.08763387145
1.07963606644
1.07105779568
1.06195635806
1.05243305659
1.0426295862
1.03272095368
1.02290384822
1.01338019329
1.00433814463
0.99593476029
0.98831006916
0.967143419322
0.954494114507
0.948065453845
0.947520601621
0.94721808189
0.947003595845
0.947675318249
0.948257318467
0.94645867772
0.946364401889
0.946312644021
0.946273633
0.946241509849
0.946214401239
0.946191505865
0.946172277483
0.946156231626
0.946142913589
0.946131904877
0.946122832477
0.946115373054
0.946109252164
0.94610424033
0.946100147617
0.946096817842
0.94609412305
0.946091958586
0.946090238845
0.946088893722
0.946087865675
0.946087107342
0.946086579605
0.946086250033
0.946086091625
0.946086081808
0.946086201622
0.946086435069
0.946086768582
0.946087190601
0.946087691225
0.946088261929
0.946088895333
0.946089585017
0.946090325363
0.946091111431
0.946091938855
0.94668092444
0.946548717225
0.946405870423
0.946323058562
0.94624264102
0.946229637311
0.946193120481
0.946230854899
0.946223360589
0.946358942718
0.946240274424
0.946328032153
0.946302904758
0.94640528997
0.946288702982
0.94637193581
0.946349081851
0.946439199492
0.946333725533
0.946407179317
0.946391297797
0.946465357119
0.946375628887
0.9464363581
0.946428289557
0.946485711756
0.946412698817
0.946460805745
0.946459327825
0.946461185359
0.946475164992
0.946487440193
0.946489597455
0.946491705391
0.946501386423
0.946473840348
0.946491244052
0.94649977066
0.946513978079
0.946492688306
0.94650718716
0.946515614741
0.946526254699
0.946509212217
0.946520387015
0.946528255836
0.946535972701
0.946522310823
0.946530805478
0.946537946114
0.946543467093
0.946532494676
0.946538905024
0.946545251747
0.946549159284
0.946540324308
0.946545141776
0.946550695314
0.946553433884
0.946546299519
0.946549912617
0.946554714266
0.946556614706
0.946550836727
0.946553545263
0.946557658518
0.946558963171
0.946554270501
0.946556302351
0.946559800494
0.946560684891
0.946556863697
0.946558390374
0.946561348513
0.946561938706
0.946558819792
0.946559969572
0.946562459845
0.946562845716
0.946560294689
0.946561163138
0.946563252076
0.94656349732
0.946561406976
0.946562065141
0.946563812452
0.946563961937
0.946562246396
0.946562747052
0.946564205296
0.946564290438
0.946562880614
0.94656326298
0.946564477772
0.946564520422
0.946563360527
0.946563653776
0.946564664289
0.946564679532
0.946563724354
0.946563950229
0.946564789835
0.946564787985
0.946564000771
0.946564175515
0.946565025578
0.946563962877
0.946564167948
0.946565069313
0.946565040224
0.946564189356
0.946564347935
0.946565092417
0.946565053206
0.946564351701
0.946564474339
0.946565092005
0.94656505278
0.946564474244
0.946564570321
0.946565082597
0.946565045783
0.946564568478
0.946564644384
0.946565132195
0.946564491031
0.946564589251
0.946565141621
0.946565101609
0.946564587941
0.946564665531
0.946565121012
0.946565081089
0.94656465704
0.946564717994
0.94656509536
0.946565059903
0.946564709812
0.946564758386
0.946565071014
0.946565040253
0.946564737224
0.946565153516
0.946565108244
0.946564728501
0.946564772098
0.946565106991
0.946565069129
0.946564757469
0.946564795879
0.946565073569
0.946565042597
0.946564785435
0.946564817327
0.946565047428
0.946565021786
0.946564809456
0.946564835741
0.946565046026
0.946564761854
0.946564798881
0.946565047789
0.946565024215
0.946564796332
0.946564826259
0.946565031211
0.946565009375
0.946564821007
0.946564844899
0.946565014489
0.946564995822
0.946564840139
0.946564859477
0.946565013776
0.946564805427
0.946564832318
0.94656501568
0.946564998048
0.946564830896
0.946564852611
0.946565003526
0.946564987224
0.946564849002
0.946564866338
0.946564991171
0.946564977254
0.946564862982
0.946564877025
0.946564990167
0.946564837287
0.946564856812
0.946564991798
0.946564978639
0.946564855956
0.94656487175
0.946564982819
0.946564970697
0.946564869222
0.946564881848
0.9465649737
0.946564963374
0.946564879464
0.946564889705
