70.5138809257
14.1968650086
24.4985274389
25.6130472923
33.8140447656
44.7306842537
60.1778177343
81.1713693805
108.646294771
230.336255234
238.234616588
249.717573585
247.711706182
242.931103031
238.838467315
236.118911521
234.820970553
234.860727138
236.128843145
238.46935158
241.657084494
245.419357225
249.489384571
253.651897844
257.759060512
261.722747683
265.497961738
286.986181299
294.705116665
304.6842636
306.934032512
308.87579557
310.706069089
312.556340571
314.471538003
316.484711937
318.623749482
320.911021897
323.361642577
325.98156985
328.765927464
331.697797496
334.747745499
337.874383737
341.026247779
344.145054871
347.170069787
355.367946238
360.768307766
360.321603792
360.638602519
360.689717221
360.614985974
360.496292787
358.079923967
355.538987062
355.414970405
355.219624958
355.011137537
354.811139211
354.61519235
354.419960582
354.223784927
354.026172512
353.827266056
353.627505397
353.427433319
353.227592838
353.028478273
352.83051639
352.634063422
352.439409808
352.246788136
352.056381856
351.868333595
351.682752549
351.499720789
351.319298515
351.141528351
350.966438841
350.794047239
350.624361766
350.457383392
350.293107271
350.131523871
349.972619881
349.816378928
349.662782145
349.511808626
349.363435779
349.217639613
349.074394957
348.933675637
348.795454614
347.646958384
346.689699864
345.900605285
345.240930531
344.696440776
344.220146007
343.833358555
343.452960224
343.170990512
342.781678839
342.88653377
342.60837345
342.559448917
342.299766144
342.412849878
342.199001927
342.158131473
341.960840656
342.070667105
341.905622208
341.869520248
341.722196288
341.822591767
341.696859936
341.663812679
341.555915916
341.643832563
341.549179703
341.518377337
341.504091415
341.46129368
341.438291575
341.408121957
341.39562377
341.369121107
341.41001029
341.370726845
341.347389572
341.316405524
341.349089201
341.318283865
341.297499705
341.275224914
341.302227535
341.279341538
341.261228553
341.245536879
341.267760826
341.250825625
341.235180721
341.224198462
341.242440903
341.229910928
341.216500346
341.208854494
341.223811126
341.214528102
341.203107886
341.197812962
341.210073335
341.203180448
341.193508898
341.189864001
341.199918334
341.194785516
341.186632481
341.184141681
341.19239302
341.188558111
341.181711097
341.180024643
341.186802314
341.183926525
341.178193989
341.177065828
341.182638134
341.180472974
341.17568545
341.174942857
341.179528204
341.177891166
341.173900882
341.173422894
341.177199141
341.175955923
341.172635472
341.172337611
341.175449763
341.174501302
341.171741803
341.171565273
341.174131723
341.173404745
341.171113795
341.171017852
341.173135419
341.172575559
341.170675165
341.170631732
341.172379717
341.171946506
341.170371119
341.170360986
341.171804436
341.171467638
341.169891714
341.171837174
341.171454759
341.169763455
341.16981434
341.171374639
341.171076888
341.16968261
341.16975115
341.171039725
341.170807893
341.169652969
341.169721078
341.170785258
341.170602452
341.169645848
341.169709431
341.170588414
341.170443093
341.169538737
341.170718244
341.170535201
341.169503666
341.169576477
341.170522394
341.170376869
341.169527227
341.169599355
341.170381032
341.170266012
341.169562748
341.169626387
341.170272273
341.1701801
341.169597937
341.169652845
341.170214486
341.169438704
341.16952212
341.170222689
341.170141151
341.169517496
341.16958683
341.17016221
341.170090052
341.169573283
341.169629689
341.170104747
341.17004458
341.169616617
341.169663098
341.170055534
341.170005758
341.169615786
341.170140756
341.17007179
341.169608838
341.169652131
341.170073306
341.170017359
341.169636349
341.169676325
341.170024624
341.169979806
341.169664665
341.169698734
341.169986704
341.169950318
341.169664226
341.17004948
341.169999477
341.169658739
341.169691225
341.170000406
341.169959916
341.169679575
341.16970954
341.169965293
341.169932886
341.169701066
341.169726588
341.169938086
341.169911776
341.169702016
341.169984896
341.169948629
341.169697949
341.169722245
341.169949306
341.169919909
341.1697137
341.169736041
341.169923895
341.169900352
341.169729859
341.169748858
341.169904228
341.1698851
