46.0
2.97126385281
3.37187995818
3.86099232912
4.2234129987
4.69065845023
5.08784722206
5.53564939116
5.96176425748
6.46232343732
7.59773511509
8.21665225741
8.6472950742
8.73964873235
8.77322267063
8.79389914223
8.81323553613
8.8343875086
8.85746217762
8.88186086007
8.90724909583
8.93370759978
8.96155745414
8.99119912139
9.02306109712
9.0575909662
9.09522743456
9.13632959987
9.42133109278
9.64788510905
9.8396929737
9.88920151873
9.91999601822
9.95143922897
9.98345742615
10.0162106985
10.0496616646
10.0837865629
10.1186798494
10.1546400078
10.1921934638
10.2320187376
10.2747647381
10.3208125134
10.3700774571
10.4219474096
10.4753884428
10.5291637773
10.6745184821
10.940621178
10.8629373704
10.9360628108
10.9661971351
10.9876227858
11.0029820326
11.0780474011
11.0258418317
11.0568479953
11.070078082
11.0799370353
11.0874438698
11.0935062702
11.0986192037
11.1030870441
11.1071032801
11.1107951334
11.1142485588
11.1175229588
11.1206601768
11.1236901774
11.1266347327
11.1295098748
11.1323275529
11.1350967778
11.1378244171
11.1405157595
11.1431749157
11.1458051093
11.148408889
11.1509882832
11.1535449178
11.156080102
11.1585948958
11.1610901594
11.1635665941
11.1660247728
11.1684651621
11.1708881462
11.173294038
11.1756830948
11.1780555275
11.1804115092
11.1827511822
11.1850746646
11.1873820544
11.2068662423
11.2246917779
11.2409623596
11.2576691763
11.2707956437
11.2869361786
11.2947994713
11.3130463049
11.3102134297
11.3370680721
11.335121881
11.3215417321
11.3281994736
11.3537792728
11.3515840584
11.3363473543
11.3427798483
11.3663198403
11.3639387168
11.3482708971
11.3542210603
11.375508844
11.3730355155
11.357860214
11.3631799784
11.3821109708
11.3796465477
11.3655501366
11.3701843387
11.372164231
11.3847141907
11.3709489486
11.375207721
11.3769954723
11.3883478545
11.3866379604
11.3791681428
11.3814646979
11.3907124172
11.3891900771
11.382589749
11.3845203763
11.3923024775
11.3909598673
11.3852332313
11.386845838
11.3933630323
11.3921950568
11.3872818135
11.3886220778
11.3940562221
11.3930510379
11.38886956
11.3899797794
11.3944956624
11.3936378237
11.3901003471
11.3910180514
11.3947614866
11.3940341902
11.3910549714
11.391812562
11.39491009
11.3942966317
11.3917961651
11.3924211248
11.3949809549
11.3944655958
11.3923724915
11.3928878646
11.3950015264
11.3945699451
11.3928214482
11.3932464124
11.3949907104
11.3946301854
11.3931719325
11.3935223718
11.3949613824
11.3946608051
11.3934461916
11.3937352219
11.3949221811
11.3946719728
11.3936613475
11.3938997806
11.394878788
11.394670765
11.3938305832
11.3940273225
11.3948348352
11.3946620548
11.3939640587
11.3941264342
11.3947925484
11.3946491529
11.3940696167
11.394203661
11.3947532008
11.3946342678
11.3941533206
11.3942640012
11.3947174297
11.3946188364
11.3942198705
11.3948089188
11.3946813039
11.3941591751
11.3942778183
11.3947597656
11.3946536998
11.394220699
11.3943188244
11.3947173558
11.3946294757
11.3942710034
11.3943520582
11.3946813968
11.3946086156
11.3943118399
11.3943788044
11.3946509475
11.3945906857
11.3943449991
11.3947008104
11.3946228321
11.3943032079
11.3943750363
11.3946662329
11.3946014806
11.3943366627
11.3943961018
11.3946370512
11.3945834428
11.3943643911
11.3944135128
11.3946127476
11.3945683785
11.3943871636
11.3944277626
11.3945924885
11.3943547955
11.3944074267
11.3946212178
11.3945735993
11.3943788819
11.3944225223
11.3945995592
11.3945600938
11.3943988934
11.3944349708
11.3945813301
11.3945486731
11.3944153129
11.3944451363
11.39456615
11.3945391302
11.3944288146
11.3945874662
11.3945524917
11.3944093154
11.3944413166
11.3945711952
11.3945421694
11.3944235896
11.3944500846
11.3945575869
11.3945335693
11.3944355193
11.3944574246
11.394546343
11.394526474
11.3944453878
11.3945619955
11.3945362731
11.3944310483
11.3944545545
11.3945500245
11.3945286795
11.3944415355
11.3944609995
11.3945400245
11.3945223642
11.3944503105
11.3944664042
11.3945317705
11.3945171618
11.3944575763
11.3945432977
11.3945243829
11.3944470571
11.3944643273
11.3945345133
11.3945188184
11.3944547802
11.3944690817
11.3945271788
11.3945141941
11.3944612458
11.3944730716
11.3945211276
11.3945103873
