46.0
3.60995506376
2.28884759291
2.55503818822
3.43466854296
4.12808220084
4.46436667668
4.76339614287
5.09484706463
5.52369660869
6.29358903314
6.71998378742
7.30261391982
7.36315636805
7.46466082974
7.55550794159
7.65510830667
7.75703239858
7.83799348037
7.88800317182
7.91391052998
7.92564791993
7.93082461796
7.93453166039
7.93997869565
7.94901146156
7.96246192586
7.98040272801
8.00237208122
8.02760733742
8.05529047267
8.18341711232
8.18835795152
8.29413163019
8.34616091895
8.48777015886
8.53217790443
8.59135882081
8.65090042269
8.71247218609
8.77485613245
8.83728522962
8.90007254178
8.96550488122
9.03765348991
9.12021081466
9.21296966825
9.31042566688
9.40491440449
9.49099822443
9.56689003009
9.63326143456
9.69170458515
9.7438523055
9.79106488554
9.83438937329
9.87460992572
9.91231377009
9.94794950635
9.98187227317
10.0143740977
10.0456991246
10.0760456089
10.1055588991
10.179519616
10.2576627337
10.3611217448
10.4022486277
10.447005775
10.4460697491
10.4416670526
10.4299248049
10.4208766929
10.4197800027
10.4306563216
10.4537824166
10.4852848679
10.5188511368
10.5489418952
10.5728387532
10.5905579755
10.6035579567
10.6134811756
10.6215220074
10.6283608796
10.6343427951
10.6396534621
10.6444125286
10.6487028021
10.6525737869
10.6560422808
10.6590961585
10.661700782
10.663807913
10.6653688552
10.6663527414
10.6667664912
10.6666677711
10.6661618538
10.665380626
10.6644526531
10.6634779996
10.6625167072
10.6615908491
10.6606942858
10.6598038919
10.6588886186
10.6579153196
10.6568516929
10.6556670557
10.6543316511
10.6528151399
10.651085189
10.6491076165
10.6468500001
10.6442902343
10.6414292709
10.6383035535
10.6349898829
10.6315971643
10.6282462235
10.625045994
10.6220759556
10.6193799395
10.6169699394
10.6148350915
10.6129512479
10.611288601
10.609816705
10.6085072741
10.6073354339
10.6062800387
10.6053234907
10.6044513388
10.6036518055
10.6029153248
10.6022341276
10.6016018865
10.6010134206
10.6004644545
10.5999514262
10.5994713317
10.5970747822
10.5956851309
10.5917990241
10.5944702161
10.5931021894
10.5943624038
10.5928173645
10.5934877446
10.5922778134
10.5931676063
10.5926970399
10.5930905536
10.5925842243
10.5927982596
10.5923903916
10.5926808192
10.5925250033
10.5926472819
10.5924819396
10.5925506043
10.5924136845
10.5925085219
10.592456893
10.5924945471
10.5924405344
10.5924625398
10.5924164262
10.5924474178
10.5924302864
10.5924417512
10.5924241032
