3
2
30
1
2
sigm
line
-0.105378825602
0.0906947066042
1.04017945321
0.0438102433483
-0.119503903658
0.0503003152127
-0.118220575675
0.051542066496
0.0481333453763
-1.15026606922
-0.116204839575
0.0576353476968
-0.0423102209722
1.06109009574
-0.314876361633
-0.0157293130413
-1.12714656688
-0.0426231304744
-0.11256835457
0.0672769082501
-0.106085595594
0.0889467636647
-0.10264211556
0.103545887683
-0.829131785651
-0.0365893380279
0.283417452376
0.171568058015
-0.0814171121601
0.145310862629
-0.07457693763
0.148389857818
-0.960655562905
-0.0441817029031
-0.129924934516
0.0306651253421
-0.10247280485
0.105216418084
-0.127717154105
0.034265852181
-0.490425966415
-0.0234327000594
-0.0880481427282
0.140134966801
-0.100134348831
0.110295417503
-0.241640401662
-0.0160607067978
0.0261073443114
0.147340263555
-0.0403164832704
0.152135549192
0.120974779084
0.114193933366
-0.522651482991
-0.0248696685012
-0.615394366374
-0.029018048039
-0.104140239063
0.0940338966751
0.154077111918
-2.64563369646
0.18801387864
0.189163464374
-2.44002071815
0.182215569429
-2.33832377964
0.486884776162
-2.624733298
0.173921253243
0.15480405588
0.140958388621
0.751522580158
0.090316002539
0.0885582733207
0.0794433531913
0.787318750247
0.204542815702
0.13849581251
0.20167897678
0.567909163232
0.099773097208
0.138030283706
0.341048371628
0.00445377038165
0.0443493096567
0.00997587306873
0.62893441593
0.653479885933
0.152413720538
0.112821047537
-7.3718141151
0.157189133963
0.156635603476
-4.78741626403
0.149510990369
-6.03823108272
0.41519391446
-3.87354175848
0.139080016796
0.114557908649
0.0964743948811
0.791703161848
-0.379347705933
0.022523530294
0.0101300647588
0.862425860922
0.178181391859
0.0939511247492
0.174341748433
0.547359641873
0.037630548545
0.0891294127134
0.325714255972
-0.113160310111
-0.0365888050002
-0.210291115907
0.581438557898
0.647461461035
0.109367117967
-1.03449388852
