3
2
20
1
2
sigm
line
0.208192141087
0.320894679857
0.312954816979
0.19149665579
-1.59636407323
-0.0806276548501
1.59909325854
-1.04173324382
0.0346220643906
-1.74184789608
0.290207826366
0.193414825866
0.158701994766
0.360998783422
2.42576426336
0.0890579655609
-0.261152460014
-2.83934588463
0.244319622048
0.0580453860283
2.14296584009
-0.453432161347
-0.129020143769
0.573868700672
0.376001060411
1.67887940606
0.763830107842
-0.132315920522
0.409447083357
0.174379060574
0.692775405389
-0.0988099694367
0.149969611963
0.3679735406
0.801685232925
-1.49411616517
0.259705300827
0.195034912377
0.399771435036
0.152246352765
-0.144172506648
-0.0693959297975
-0.432919806976
-0.3371201619
-0.0861146259824
-0.0413133565683
-0.121073431369
-4.08824759508
4.34659098509
0.0414600329209
1.55740083236
-0.182543825764
-1.40391584239
-0.344021978777
-0.299972068563
-0.234191027579
-0.116166400485
1.76543287118
0.472267286259
-0.197756971042
0.637829777744
0.41048449494
3.08829456509
0.17176035503
2.00090299374
0.368731397315
0.651374611271
9.95588165492
-7.46529888251
0.153963434635
0.306834573763
0.915339906526
2.96163762533
0.586722356966
0.645923961683
0.514411281037
0.653932234326
0.626003142958
0.457123082656
0.51241583266
-0.407010236062
