3
2
20
1
2
sigm
line
0.0949154578269
-1.07848193866
0.263326845368
-0.183415935213
-0.0873250935846
0.759139206533
0.024608499805
-0.0237303372814
0.198257640325
-0.00847522719631
0.109035744889
-0.0282182185576
-1.59376423671
-0.160599218399
0.421309569845
0.0899694795873
-0.0931329322201
1.06350396595
0.284345745846
0.0134889115847
0.111825731088
-0.0278572539796
0.318055971934
0.024044859676
0.378412272966
0.0522950407683
-0.717583960775
-0.145486481319
-1.76531859766
-0.146207293351
1.39462940326
0.108115487309
0.09189924778
-0.0294249804755
0.365758680949
0.0447193608387
0.192692200881
-0.00983736777536
0.151221946991
-0.0199950671219
2.44483811974
-0.0876373527047
-0.487694101371
0.315244711471
0.267636861397
0.223512347345
-3.09864631016
0.161816768968
2.39763394188
0.247642916951
0.225912274553
0.232002817884
0.196145176197
-0.302009149073
0.703546424475
-2.7076600304
0.207300025079
0.20472700247
0.267231002293
0.253713766001
-6.5687590658
1.24037417025
1.01342678571
0.742421970036
1.09299751631
1.00620926156
2.82973045067
1.20909905055
-5.95890179742
1.15053596059
1.00881472201
1.16619262972
1.19164102255
1.7635026976
-0.552877410182
5.26718890359
0.990539532009
1.18633908877
1.0881482505
1.04771393782
1.99986035891
