283.17709577
187.648498861
113.983173957
76.7798543116
62.0258543792
53.1427198849
39.3163065183
29.570957412
22.9109070515
20.5294044563
17.8659921225
17.2257013136
17.1972419467
16.0144130752
15.5270229914
15.205008312
14.5962011688
14.12121913
14.6661649952
14.3038981771
14.0720899309
15.5272267738
13.9954891829
14.1336796695
14.56430128
14.4545931553
14.4319514553
15.154644915
14.7653729483
14.6796822584
14.5216916134
15.1214469165
14.7178303138
14.0564261007
14.4523588019
14.629708765
14.7666071322
14.7906073829
14.6961936895
14.0761191439
14.0964556107
14.830473373
14.5142649943
14.3723110679
14.0649121731
14.5008355076
13.879268992
14.2801382272
14.3390639903
14.7293162827
14.0139803322
14.2535406001
14.1240763826
14.7128614421
14.5566558717
15.2189096187
14.0579704259
14.1493731725
15.0007100249
14.4928913357
14.7096628635
14.6475068423
14.8401195705
14.1137969815
14.9358198756
14.2716936426
14.0670440896
14.9802400445
14.4349044512
14.1334828875
13.9959498897
14.3719923955
14.46361995
14.4108228868
14.4188682699
14.7626116292
14.5904827129
15.0654815771
14.5939632317
14.7763550289
14.8374973778
14.4567893557
14.7302258918
14.6633738858
14.4234955834
14.5322615699
14.9762955707
14.1728833649
14.7143829827
14.5802878765
14.4452545873
14.5970144793
14.9750009786
14.1221048948
14.2674732803
14.2293775993
14.8490236661
14.8275919116
14.8444034245
15.2253490435
14.7463483244
14.5496665396
14.5958107248
14.3953688905
13.7631738407
14.0712049829
14.7967230973
14.3374778047
14.2163215827
14.5574672564
14.7110693049
14.8349491494
15.2386078838
14.9916069387
14.1308771352
14.4346243832
14.45485967
14.4324758295
14.154975648
14.6439569275
14.9200890755
13.8273091742
14.6927031834
14.1353963503
14.7400936105
14.5423382657
14.6542419249
14.4746797166
14.7045512508
14.3259703336
14.5086612011
14.3583619326
14.5410654051
14.661881497
14.3768105258
14.2464506722
13.9528720921
14.8038640738
14.3425964511
15.2124469807
14.2148965581
14.8103840779
14.7921029418
14.3173496458
14.0880134187
14.4597800169
14.0023075445
14.919359208
14.2528863294
14.392686561
