295
289
281
284
272
251
225
191
146
90
62
35
23
12
13
12
7
4
7
8
6
16
6
5
10
9
8
13
11
13
7
11
13
7
8
12
10
12
16
5
4
11
13
15
9
14
4
10
11
16
7
10
7
9
11
14
6
11
17
7
10
13
16
9
14
9
5
13
8
5
7
11
13
8
8
11
12
19
12
12
10
12
14
11
12
11
12
10
10
11
11
16
13
12
9
5
12
11
15
17
11
12
10
11
5
7
14
10
11
11
11
10
16
13
5
8
6
6
9
16
18
3
13
9
9
11
8
8
15
7
10
9
10
13
10
7
7
10
9
12
8
11
12
13
5
10
6
14
9
7
