69.6217448075
15.0580698758
16.6171917584
16.6171917584
16.6171917584
13.9047887802
13.9043005247
13.9043005247
13.8106862458
13.8106862458
13.8101503737
13.7531213708
13.7531213708
13.7969869012
13.7113783566
13.686300791
13.6862893956
13.6707363281
13.6719688444
13.6538614732
13.6504553119
13.6263799516
13.6262088897
13.6097003171
13.609516246
13.609516246
13.6049294392
13.6047556208
13.6044079868
13.6044079868
13.6045818033
13.6044079868
13.6030203443
13.6030688805
13.6028852189
13.6030688805
13.6024984198
13.6024984198
13.6024960656
13.6024984198
13.6024984198
13.6024766308
13.6024766308
13.6024766308
13.6024766308
13.6024240455
13.6024240455
13.6024240455
13.6023501252
13.6024240455
13.6023501252
13.6023501252
13.6023501252
13.6023501252
13.6023501252
13.6023501252
13.6023501252
13.6023501252
13.6023501252
13.6023501252
13.6023501252
13.6023501252
13.6023501252
13.6023501252
13.6023501252
13.6023501252
13.6023501252
13.6023501252
13.6023501252
13.6023501252
13.6023501252
13.6023501252
13.6023501252
13.6023501252
13.6023501252
13.6023501252
13.6023501252
13.6024766308
13.6024766308
13.6024766308
13.6024766308
13.6024766308
13.6024766308
13.6024766308
13.6024766308
13.6024766308
13.6024766308
13.6024766308
13.6024766308
13.6024766308
13.6024766308
13.6024766308
13.6024766308
13.6024766308
13.6024766308
13.6024766308
13.6024766308
13.6024766308
13.6024766308
13.6024766308
13.6024766308
13.6024766308
13.6024766308
13.6024766308
13.6024766308
13.6024766308
13.6024766308
13.6024766308
13.6024766308
13.6024766308
13.6024766308
13.6024766308
13.6024766308
13.6024766308
13.6024766308
13.6024766308
13.6024766308
13.6024766308
13.6024766308
13.6024766308
13.6024766308
13.6024766308
13.6024766308
13.6024766308
13.6024766308
13.6024766308
13.6024766308
13.6024766308
13.6024766308
13.6024766308
13.6024766308
13.6024766308
13.6024766308
13.6024766308
13.6024766308
13.6024766308
13.6024766308
13.6024766308
13.6024766308
13.6024766308
13.6024766308
13.6024766308
13.6024766308
13.6024766308
13.6024766308
13.6024766308
13.6024766308
13.6024766308
13.6024766308
13.6024766308
